0.48282
0.96553
1.44099
1.90546
2.34938
2.75584
3.09481
3.3133
3.31805
2.94611
1.88266
0.57884
1.88108
2.6113
3.34152
4.07175
4.80197
5.5322
6.26242
6.99264
3.51658
1.15085
2.29849
3.62974
4.85046
6.01415
7.13605
8.22917
9.30283
10.36396
1.06622
2.07442
1.44808
1.93348
2.40453
2.86205
3.29431
3.68138
3.98861
4.15484
1.01622
0.50448
0.3848
1.44775
3.3419
4.07252
4.80314
5.53376
6.26438
6.995
3.5234
1.15807
1.88066
2.61128
4.02238
5.53177
6.8308
8.03879
9.1858
10.29327
1.12978
2.07561
3.11111
4.15076
2.41007
2.89702
3.36251
3.81201
4.23139
4.5981
0.69196
0.80501
1.05575
1.10579
0.76329
2.31231
4.79727
5.52716
6.25705
6.98695
3.52584
1.15979
1.87769
2.60758
3.33748
4.06737
5.7407
7.42709
8.80329
10.05443
1.311
2.05317
3.09106
4.1386
5.18385
6.22268
3.3661
3.85426
4.31386
4.75482
0.57426
0.92027
1.30328
1.6257
1.80126
1.70942
78.13572
3.17044
6.24584
6.97465
3.53038
1.16324
1.87301
2.60182
3.33062
4.05943
4.78823
5.51704
7.45239
9.31544
1.87892
1.98056
3.03263
4.09644
5.15304
6.20391
7.25064
8.2883
4.31114
4.79986
0.53579
0.96765
1.39024
1.81327
2.18133
2.44943
2.53708
2.30276
100.49721
4.01711
3.53764
1.16878
1.86562
2.59271
3.3198
4.04689
4.77398
5.50107
6.22816
6.95524
3.46303
1.74647
2.85591
3.97257
5.06663
6.14266
7.20544
8.25902
9.30644
10.34229
0.51542
0.99226
1.41379
1.8724
2.31045
2.71105
3.04415
3.25687
3.25567
2.87786
12.91525
0.60557
1.85387
2.57824
3.3026
4.02696
4.75132
5.47568
6.20004
6.9244
3.54917
1.17758
2.27129
3.59667
4.81153
5.96936
7.0854
8.17265
9.24045
10.29582
1.09881
2.10115
1.40261
1.8774
2.33785
2.78476
3.20642
3.58298
3.87951
4.03514
1.06027
0.53792
33.33933
1.39168
3.27527
3.9953
4.71533
5.43535
6.15538
6.87541
3.56745
1.19153
1.83522
2.55525
3.9557
5.45448
6.74291
7.9403
9.07671
10.17357
1.17382
2.10905
3.06563
4.09468
2.30448
2.77467
3.22342
3.65607
4.05869
4.40863
0.76249
0.85878
0.98366
1.01691
55.65765
2.1899
4.65809
5.37122
6.08435
6.79748
3.59637
1.21355
1.80557
2.5187
3.23183
3.94496
5.60161
7.27124
8.63069
9.86496
1.38155
2.10696
3.01894
4.04972
5.07826
6.10034
3.14519
3.60674
4.03973
4.45408
0.68626
1.00568
1.1888
1.48466
1.63357
1.51512
77.91488
2.92301
5.97181
6.67402
3.64239
1.24864
1.75857
2.46078
3.16298
3.86519
4.5674
5.26961
7.17826
9.0147
1.99091
2.06597
2.91816
3.95536
4.9854
6.00967
7.02973
8.04078
3.8761
4.32259
0.71347
1.1031
1.20854
1.58934
1.91521
2.14101
2.1865
1.90995
100.06217
3.53973
3.71532
1.30422
1.68392
2.36877
3.05362
3.73847
4.42332
5.10817
5.79302
6.47787
3.64071
1.88192
2.67424
3.74864
4.80051
5.83431
6.85478
7.86612
8.8714
9.86502
0.79738
1.20717
1.1254
1.51697
1.88797
2.22146
2.48758
2.63317
2.56501
2.12016
13.19722
0.82049
1.56545
2.22276
2.88006
3.53737
4.19467
4.85198
5.50928
6.16659
3.83112
1.39248
1.9829
3.24124
4.38905
5.47984
6.52883
7.54904
8.54979
9.53801
1.38078
2.31607
1.06146
1.46598
1.85616
2.2328
2.5842
2.89048
3.11675
3.20222
1.5114
0.91879
32.99817
1.03967
2.94232
3.62253
4.30283
4.98312
5.66342
6.34371
4.06523
1.64957
1.58165
2.20282
3.47392
4.90252
6.12069
7.2478
8.31394
9.34054
1.62496
2.48994
2.72448
3.68326
1.87993
2.29133
2.68128
3.05514
3.39907
3.69022
1.22597
1.26349
0.67671
0.65116
55.2331
1.88258
4.52662
5.23962
5.95262
6.66561
4.11843
1.73548
1.67463
2.38763
3.10062
3.63765
5.05947
6.67031
7.97096
9.14655
1.84503
2.51165
2.71202
3.68401
4.65372
5.617
2.69382
3.10751
3.49264
3.85913
1.10374
1.3753
0.92888
1.17688
1.27793
1.11162
77.46344
2.65839
5.95269
6.6657
4.11853
1.73559
1.67464
2.38765
3.10066
3.81367
4.52668
5.00499
6.63117
8.41975
2.4084
2.43559
2.65824
3.64758
4.62976
5.60617
6.57836
7.54156
3.50771
3.92369
1.05801
1.41713
1.02326
1.37356
1.66888
1.86423
1.87914
1.57208
99.69378
3.4342
4.11853
1.73559
1.67464
2.38765
3.10066
3.81367
4.52668
5.23968
5.95269
6.37233
3.98526
2.19595
2.48894
3.53286
4.55418
5.55746
6.5475
7.52833
8.50301
9.46612
1.02611
1.43294
1.05856
1.44716
1.8152
2.14578
2.40887
2.55157
2.48036
2.03254
13.42595
1.10493
1.67464
2.38765
3.10066
3.81367
4.52668
5.23968
5.95269
6.6657
4.11853
1.67692
1.91607
3.17143
4.31628
5.40409
6.45011
7.46735
8.46524
9.4505
1.60951
2.54184
1.06604
1.47515
1.86992
2.25115
2.60713
2.918
3.14886
3.23892
1.55268
0.96466
33.00276
1.10678
3.10066
3.81367
4.52668
5.23968
5.95269
6.6657
4.11853
1.73559
1.67464
2.2703
3.48777
4.92087
6.14362
7.27532
8.34605
9.37724
1.66625
2.53581
2.72907
3.69244
1.87993
2.29133
2.68128
3.05514
3.39907
3.69022
1.22597
1.26349
0.67671
0.65116
55.2331
1.88258
4.52668
5.23968
5.95269
6.6657
4.11853
1.73559
1.67464
2.38765
3.10066
3.63765
5.05947
6.67031
7.97096
9.14655
1.84503
2.51165
2.71202
3.68401
4.65372
5.617
2.69382
3.10751
3.49264
3.85913
1.10374
1.3753
0.92888
1.17688
1.27793
1.11162
77.46344
2.65839
5.95269
6.6657
4.11853
1.73559
1.67464
2.38765
3.10066
3.81367
4.52668
5.00499
6.63117
8.41975
2.4084
2.43559
2.65824
3.64758
4.62976
5.60617
6.57836
7.54156
3.50771
3.92369
1.05801
1.41713
1.02326
1.37356
1.66888
1.86423
1.87914
1.57208
99.69378
3.4342
4.11853
1.73559
1.67464
2.38765
3.10066
3.81367
4.52668
5.23968
5.95269
6.37233
3.98526
2.19595
2.48894
3.53286
4.55418
5.55746
6.5475
7.52833
8.50301
9.46612
1.02611
1.43294
1.05856
1.44716
1.8152
2.14578
2.40887
2.55157
2.48036
2.03254
13.42595
1.10493
1.67464
2.38765
3.10066
3.81367
4.52668
5.23968
5.95269
6.6657
4.11853
1.67692
1.91607
3.17143
4.31628
5.40409
6.45011
7.46735
8.46524
9.4505
1.60951
2.54184
1.06604
1.47515
1.86992
2.25115
2.60713
2.918
3.14886
3.23892
1.55268
0.96466
33.00276
1.0447
2.94374
3.62442
4.30519
4.98596
5.66673
6.3475
4.06948
1.6543
1.58212
2.20785
3.48768
4.92087
6.14362
7.27532
8.34605
9.37724
1.66625
2.53581
2.72907
3.69244
2.04735
2.49008
2.91136
3.31654
3.6918
4.01429
1.21418
1.28303
0.78147
0.78725
55.40052
1.90533
4.346
5.03165
5.7173
6.40296
4.04788
1.63758
1.60339
2.28905
2.9747
3.66039
5.28955
6.93172
8.2637
9.47062
1.83324
2.53119
2.81678
3.8201
4.82113
5.81574
3.13266
3.59967
4.03813
4.45795
0.89491
1.21978
1.15441
1.45569
1.6101
1.49712
77.90228
2.91586
5.97012
6.67778
3.85103
1.46275
1.72414
2.4318
3.13947
3.84713
4.55479
5.26246
7.17666
9.01857
2.19957
2.28007
2.88376
3.92643
4.96188
5.99161
7.0172
8.03372
4.1811
4.66047
0.71001
1.13252
1.31629
1.72998
2.08869
2.34743
2.42574
2.18207
100.36717
3.87772
3.71186
1.33365
1.79168
2.50942
3.22716
3.9449
4.66264
5.38038
6.09811
6.81585
3.63725
1.91134
2.78197
3.88928
4.97399
6.04067
7.0941
8.13833
9.1764
10.2029
0.59711
1.07319
1.39089
1.84875
2.28599
2.68582
3.01822
3.2301
3.22823
2.84966
12.99695
0.68651
1.83095
2.55454
3.27813
4.00172
4.72531
5.4489
6.1725
6.89609
3.63086
1.2585
2.2484
3.57302
4.78712
5.94419
7.05947
8.14596
9.21301
10.26751
1.18051
2.18209
1.42122
1.90299
2.37041
2.82429
3.25293
3.63646
3.93997
4.10268
1.07648
0.56111
33.35794
1.41731
3.30783
4.03483
4.76183
5.48884
6.21584
6.94284
3.58367
1.21472
1.85383
2.58083
3.98826
5.49402
6.78942
7.99378
9.13716
10.241
1.19005
2.13226
3.08425
4.12027
2.39772
2.88377
3.34837
3.79687
4.21534
4.58114
0.72237
0.83452
1.04521
1.0943
55.75089
2.299
4.78304
5.51202
6.241
6.96998
3.55626
1.18929
1.86712
2.5961
3.32508
4.05406
5.72656
7.41204
8.78734
10.03747
1.34143
2.0827
3.08048
4.12711
5.17151
6.20943
3.37326
3.86275
4.32368
4.76597
0.58422
0.93158
1.30512
1.62887
1.80576
1.71525
1.14288
3.17893
6.25577
6.98591
3.54035
1.17455
1.87488
2.60503
3.33518
4.06533
4.79547
5.52562
7.46221
9.32659
1.88888
1.99187
3.03447
4.09961
5.15754
6.20974
7.2578
8.29679
4.3472
4.83964
0.52912
0.9647
1.40399
1.83074
2.20252
2.47433
2.56571
2.3351
1.53327
4.05689
3.53098
1.16584
1.87937
2.61018
3.34099
4.07179
4.8026
5.53341
6.26421
6.99502
3.45636
1.74352
2.86966
3.99004
5.08782
6.16757
7.23406
8.29136
9.3425
10.38206
0.49191
0.9756
1.4419
1.9074
2.35225
2.75969
3.09971
3.3192
3.32494
2.95398
1.89175
0.58892
1.88199
2.61319
3.3444
4.0756
4.8068
5.53801
6.26921
7.00041
3.52565
1.16091
2.29944
3.63167
4.85339
6.018
7.14096
8.23506
9.30972
10.37183
1.0753
2.0845
1.45012
1.93608
2.40769
2.86576
3.29859
3.68631
3.99401
4.1608
1.01538
0.5042
0.38684
1.45035
3.34511
4.0763
4.8075
5.53869
6.26988
7.00107
3.52256
1.1578
1.88273
2.61392
4.02554
5.53549
6.83508
8.04363
9.1912
10.29923
1.12893
2.07533
3.11314
4.15336
2.41411
2.90139
3.36722
3.81696
4.23676
4.6038
0.68268
0.79606
1.05914
1.10946
0.76728
2.3363
4.73822
5.5322
6.26242
6.99264
3.51658
1.15085
1.88108
2.6113
3.34152
4.07175
5.74541
7.43213
8.80866
10.06013
1.30174
2.04424
3.09441
4.14227
5.1879
6.22706
3.381
3.87098
4.33239
4.77517
0.56728
0.9151
1.31093
1.63516
1.81254
1.72251
1.15062
25.25163
6.17937
6.995
3.5234
1.15807
1.88066
2.61128
3.3419
4.07252
4.80314
5.53376
7.47092
9.33579
1.87194
1.97541
3.04028
4.1059
5.16431
6.217
7.26554
8.30502
4.34004
4.83156
0.52399
0.95867
1.4023
1.82815
2.19907
2.46991
2.56037
2.32894
1.52621
48.16395
3.41958
1.15979
1.87769
2.60758
3.33748
4.06737
4.79727
5.52716
6.25705
6.98695
3.45123
1.73747
2.86798
3.98745
5.08431
6.16315
7.22873
8.28511
9.33534
10.37399
0.49664
0.97793
1.43296
1.89603
2.33848
2.74352
3.08114
3.29823
3.30157
2.92822
12.89648
66.5703
1.85176
2.60182
3.33062
4.05943
4.78823
5.51704
6.24584
6.97465
3.53038
1.16324
2.29046
3.6203
4.83962
6.00183
7.12239
8.2141
9.28635
10.34607
1.08004
2.08683
1.43301
1.91487
2.38238
2.83635
3.26508
3.64869
3.95229
4.11509
1.03046
0.51517
33.36973
89.32402
3.2773
4.04689
4.77398
5.50107
6.22816
6.95524
3.53764
1.16878
1.86562
2.59271
4.00023
5.50607
6.80156
8.00601
9.14948
10.25341
1.14402
2.08633
3.09604
4.13215
2.37519
2.8566
3.31657
3.76044
4.17438
4.53555
0.71528
0.82281
1.03193
1.07639
55.72835
112.19592
4.68756
5.47568
6.20004
6.9244
3.54917
1.17758
1.85387
2.57824
3.3026
4.02696
5.69475
7.37561
8.74628
9.99188
1.33433
2.07097
3.06721
4.10925
5.14897
6.18226
3.29311
3.77248
4.2233
4.65546
0.61133
0.94856
1.26545
1.57908
1.74585
1.64523
78.06273
25.22283
6.07037
6.87541
3.56745
1.19153
1.83522
2.55525
3.27527
3.9953
4.71533
5.43535
7.36183
9.21609
1.91598
2.00885
2.99481
4.04983
5.09763
6.13972
7.17765
8.20653
4.16744
4.64221
0.59453
1.01244
1.33019
1.73927
2.09342
2.3475
2.42128
2.17301
100.35351
48.06948
3.49011
1.21355
1.80557
2.5187
3.23183
3.94496
4.65809
5.37122
6.08435
6.79748
3.52177
1.79126
2.79589
3.89857
4.97872
6.0408
7.08956
8.12918
9.16274
10.18464
0.60863
1.06332
1.31848
1.75494
2.17084
2.54928
2.86023
3.0508
3.02744
2.62748
13.00848
88.78561
1.73732
2.46078
3.16298
3.86519
4.5674
5.26961
5.97181
6.67402
3.64239
1.24864
2.17599
3.47921
4.67192
5.80759
6.90148
7.96657
9.01232
10.04544
1.19203
2.17221
1.25135
1.69098
2.11626
2.528
2.91442
3.25579
3.51725
3.63771
1.20814
0.65063
33.18807
132.96414
3.01112
3.73847
4.42332
5.10817
5.79302
6.47787
3.71532
1.30422
1.68392
2.36877
3.7341
5.19772
6.45098
7.61311
8.71444
9.77614
1.32169
2.22176
2.91437
3.90826
1.95271
2.36708
2.76
3.13683
3.48372
3.77774
0.99724
1.03771
0.74355
0.72096
55.30588
177.53922
4.13092
4.85198
5.50928
6.16659
3.83112
1.39248
1.56545
2.22276
2.88006
3.53737
5.13819
6.752
8.05562
9.23418
1.6163
2.28589
2.77882
3.75377
4.72649
5.69274
2.67089
3.07999
3.46053
3.82243
1.06246
1.32943
0.9243
1.1677
1.26416
1.09327
77.44051
156.75606
5.56547
6.33564
4.04791
1.63105
1.58204
2.26113
2.94021
3.6193
4.29838
70.81908
6.59889
8.38306
2.36711
2.38972
2.65365
3.6384
4.616
5.58782
6.55543
7.51403
3.50771
3.92369
1.05801
1.41713
1.02326
1.37356
1.66888
1.86423
1.87914
1.57208
99.69378
157.66017
3.99709
1.73559
1.67464
2.38765
3.10066
3.81367
4.52668
5.23968
5.95269
94.27157
3.98471
2.19595
2.48894
3.53286
4.55418
5.55746
6.5475
7.52833
8.50301
9.46612
1.02611
1.43294
1.05856
1.44716
1.8152
2.14578
2.40887
2.55157
2.48036
2.03254
13.42595
89.24572
1.65035
2.38765
3.10066
3.81367
4.52668
5.23968
5.95269
6.6657
4.11853
111.6499
1.91596
3.17143
4.31628
5.40409
6.45011
7.46735
8.46524
9.4505
1.60951
2.54184
1.06604
1.47515
1.86992
2.25115
2.60713
2.918
3.14886
3.23892
1.55268
0.96466
33.00276
132.64884
3.05208
3.81367
4.52668
5.23968
5.95269
6.6657
4.11853
1.73559
1.67464
24.26729
3.48755
4.92087
6.14362
7.27532
8.34605
9.37724
1.66625
2.53581
2.72907
3.69244
1.87993
2.29133
2.68128
3.05514
3.39907
3.69022
1.22597
1.26349
0.67671
0.65116
55.2331
177.44554
4.45381
5.23968
5.95269
6.6657
4.11853
1.73559
1.67464
2.38765
3.10066
47.61617
5.05914
6.67031
7.97096
9.14655
1.84503
2.51165
2.71202
3.68401
4.65372
5.617
2.69382
3.10751
3.49264
3.85913
1.10374
1.3753
0.92888
1.17688
1.27793
1.11162
77.46344
112.86188
5.85554
6.6657
4.11853
1.73559
1.67464
2.38765
3.10066
3.81367
4.52668
70.9226
6.63073
8.41975
2.4084
2.43559
2.65824
3.64758
4.62976
5.60617
6.57836
7.54156
3.50771
3.92369
1.05801
1.41713
1.02326
1.37356
1.66888
1.86423
1.87914
1.57208
99.69378
157.65859
3.99709
1.73559
1.67464
2.38765
3.10066
3.81367
4.52668
5.23968
5.95269
94.27149
3.98471
2.19595
2.48894
3.53286
4.55418
5.55746
6.5475
7.52833
8.50301
9.46612
1.02611
1.43294
1.05856
1.44716
1.8152
2.14578
2.40887
2.55157
2.48036
2.03254
13.42595
89.24572
1.65035
2.38765
3.10066
3.81367
4.52668
5.23968
5.95269
6.6657
4.11853
111.6499
1.91596
3.17143
4.31628
5.40409
6.45011
7.46735
8.46524
9.4505
1.60951
2.54184
1.06604
1.47515
1.86992
2.25115
2.60713
2.918
3.14886
3.23892
1.55268
0.96466
33.00276
132.64884
3.05208
3.81367
4.52668
5.23968
5.95269
6.6657
4.11853
1.73559
1.67464
24.26729
3.48755
4.92087
6.14362
7.27532
8.34605
9.37724
1.66625
2.53581
2.72907
3.69244
1.87993
2.29133
2.68128
3.05514
3.39907
3.69022
1.22597
1.26349
0.67671
0.65116
55.2331
177.44554
4.45381
5.23968
5.95269
6.6657
4.11853
1.73559
1.67464
2.38765
3.10066
47.61617
5.05914
6.67031
7.97096
9.14655
1.84503
2.51165
2.71202
3.68401
4.65372
5.617
2.69382
3.10751
3.49264
3.85913
1.10374
1.3753
0.92888
1.17688
1.27793
1.11162
77.46344
112.75028
5.59758
6.37233
4.0892
1.67692
1.58663
2.2703
2.95397
3.63765
4.32132
48.84653
6.631
8.41975
2.4084
2.43559
2.65824
3.64758
4.62976
5.60617
6.57836
7.54156
3.80045
4.24775
1.04622
1.43667
1.12803
1.50965
1.8363
2.06297
2.10922
1.83348
99.98651
157.66959
3.94182
1.6378
1.60342
2.28909
2.97476
3.66044
4.34611
5.03179
5.71746
6.40304
3.97346
2.21549
2.5937
3.66895
4.7216
5.75621
6.77757
7.78974
8.79574
9.79018
0.81729
1.27744
1.28409
1.72601
2.14732
2.53122
2.8477
3.04365
3.02585
2.63135
13.21713
88.8812
1.70289
2.4318
3.13947
3.84713
4.55479
5.26246
5.97012
6.67778
3.85103
1.46275
2.14159
3.45028
4.64846
5.78953
6.88895
7.95951
9.01063
10.0492
1.40069
2.38634
1.35907
1.83158
2.28974
2.73436
3.15373
3.528
3.82225
3.9757
1.20468
0.68004
33.29579
89.08723
3.18465
3.9449
4.66264
5.38038
6.09811
6.81585
3.71186
1.33365
1.79168
2.50942
3.90759
5.40408
6.69022
7.88532
9.01944
10.11402
1.31824
2.25119
3.0221
4.04886
2.35078
2.83143
3.29064
3.73375
4.14683
4.50724
0.79697
0.90373
1.00904
1.05274
55.70395
112.06522
4.66156
5.4489
6.1725
6.89609
3.63086
1.2585
1.83095
2.55454
3.27813
4.00172
5.66883
7.34892
8.71883
9.96368
1.41603
2.15191
3.04432
4.08555
5.12456
6.1571
3.33962
3.82597
4.28375
4.72289
0.62754
0.97175
1.28406
1.60471
1.77841
1.68476
78.10924
25.22565
6.13083
6.94284
3.58367
1.21472
1.85383
2.58083
3.30783
4.03483
4.76183
5.48884
7.42228
9.28352
1.93219
2.03204
3.01342
4.07541
5.13025
6.17932
7.22416
8.26001
4.32409
4.81471
0.55441
0.98817
1.39173
1.81666
2.18667
2.4566
2.54623
2.31381
100.51016
48.13445
3.45
1.18929
1.86712
2.5961
3.32508
4.05406
4.78304
5.51202
6.241
6.96998
3.48165
1.767
2.85744
3.97596
5.07197
6.1499
7.2145
8.26998
9.31939
10.35714
0.50659
0.98922
1.4348
1.89919
2.34303
2.74942
3.08831
3.30672
3.3114
2.93938
1.90643
66.5402
1.85363
2.60503
3.33518
4.06533
4.79547
5.52562
6.25577
6.98591
3.54035
1.17455
2.2923
3.62347
4.84411
6.00773
7.12955
8.22259
9.29618
10.35723
1.08999
2.09812
1.44676
1.93234
2.40357
2.86125
3.2937
3.68103
3.98835
4.15487
1.02379
0.51223
0.38348
89.34824
3.29848
4.07179
4.8026
5.53341
6.26421
6.99502
3.53098
1.16584
1.87937
2.61018
4.02141
5.53098
6.83019
8.03835
9.18554
10.29318
1.13736
2.08338
3.10979
4.14962
2.41704
2.90531
3.37205
3.82285
4.24355
4.61156
0.69177
0.80614
1.06008
1.1114
0.77021
112.27169
4.74305
5.53801
6.26921
7.00041
3.52565
1.16091
1.88199
2.61319
3.3444
4.0756
5.75032
7.43802
8.81554
10.06789
1.31083
2.05432
3.09536
4.14421
5.19082
6.23097
3.38528
3.87582
4.3378
4.78113
0.56643
0.91484
1.31296
1.63776
1.81569
1.72623
1.1549
3.23628
6.18487
7.00107
3.52256
1.1578
1.88273
2.61392
3.34511
4.0763
4.8075
5.53869
7.47633
9.34175
1.87109
1.97513
3.04231
4.1085
5.16747
6.22072
7.26982
8.30986
