1.09999
2.20001
3.3
4.39999
5.5
6.6
7.70001
8.8
9.9
11
1.0988
2.20239
3.29825
4.40128
5.49904
6.60071
7.69947
8.8004
9.89971
11.0002
1.09985
2.2001
3.29994
4.40002
5.5
6.6
7.7
8.8
9.9
11
1.1
2.2
3.29999
4.4
5.49999
6.60001
7.69999
8.8
9.9
11
1.09999
2.2
3.29981
4.40034
5.49976
6.60018
7.69987
8.80009
9.89993
11
1.09997
2.20003
3.29998
4.40001
5.49999
6.60001
7.7
8.8
9.9
11
1.1
2.2
3.3
4.4
5.50001
6.60001
7.69999
8.80001
9.89999
11
1.10001
2.19999
3.30001
4.40001
5.49834
6.60336
7.69753
8.80183
9.89864
11.001
1.09925
2.20057
3.29958
4.4003
5.49979
6.60015
7.69992
8.80002
9.9
11
1.1
2.2
3.30001
4.4
5.5
6.6
7.7
8.80001
9.9
11
1.10001
2.2
3.3
4.4
5.5
6.59999
7.7
8.79994
9.90005
11
1.10003
2.19998
3.30001
4.39999
5.5
6.6
7.69999
8.80001
9.89999
11
1.1
2.2
3.3
4.4
5.5
6.6
7.7
8.8
9.9
11
1.1
2.2
3.30001
4.39999
5.49999
6.60002
7.69998
8.8
9.9
11
1.1
2.19999
3.3
4.4
5.5
6.6
7.70001
8.8
9.90001
11
1.10001
2.2
3.3
4.4
5.5
6.6
7.7
8.8
9.9
11
1.10001
2.20001
3.30001
4.4
5.5
6.6
7.7
8.8
9.9
11
1.1
2.19998
3.3
4.40001
5.5
6.60001
7.7
8.8
9.9
11
1.1
2.2
3.3
4.4
5.5
6.6
7.7
8.8
9.9
11
1.1
2.2
3.3
4.39999
5.5
6.6
7.69999
8.80001
9.89999
11
1.10001
2.19998
3.3
4.40003
5.49997
6.60003
7.69999
8.8
9.9
11
1.09998
2.20001
3.3
4.40002
5.49999
6.6
7.7
8.80001
9.90001
11
1.1
2.2
3.3
4.4
5.5
6.59999
7.70001
8.8
9.89999
11
1.10001
2.2
3.29998
4.40004
5.5
6.59998
7.70001
8.79998
9.90001
11
1.1
2.19999
3.3
4.39999
5.5
6.59999
7.70001
8.8
9.9
11
1.10001
2.2
3.3
4.4
5.5
6.6
7.70001
8.80001
9.90001
11
1.10001
2.20001
3.29999
4.40001
5.50002
6.6
7.7
8.80003
9.89997
11
1.09999
2.2
3.3
4.40001
5.49998
6.60002
7.69999
8.80002
9.89999
11
1.1
2.20001
3.3
4.4
5.5
6.59999
7.7
8.8
9.89999
11
1.1
2.19999
3.30001
4.40001
5.5
6.60001
7.69998
8.8
9.9
10.9999
1.10008
2.19994
3.30005
4.39995
5.50004
6.59996
7.70004
8.79997
9.90003
11
1.10001
2.19999
3.3
4.40001
5.5
6.6
7.7
8.8
9.9
11
1.1
2.19999
3.3
4.40001
5.49999
6.6
7.69999
8.8
9.89999
11
1.1
2.20016
3.29981
4.40021
5.49976
6.60026
7.69971
8.80031
9.89966
11.0004
1.09961
2.20042
3.29973
4.40008
5.49998
6.6
7.7
8.8
9.9
11
1.10001
2.2
3.30001
4.4
5.49999
6.59999
7.70001
8.8
9.9
11
1.10001
2.2001
3.3
4.39902
5.50106
6.59883
7.7013
8.79857
9.90159
10.9983
1.10192
2.19789
3.30232
4.39736
5.50184
6.59948
7.70008
8.79999
9.9
11
1.1
2.2
3.3
4.4
5.49999
6.59999
7.69999
8.8
9.90001
11
1.09999
2.19999
3.30001
4.39989
5.5
6.60348
7.69644
8.80367
9.89622
11.0039
1.0959
2.2043
3.29546
4.40482
5.49486
6.60608
7.69553
8.8013
9.89982
11
1.1
2.2
3.3
4.4
5.50001
6.60001
7.69999
8.8
9.89999
11
1.1
2.20002
3.29998
4.40001
5.50003
6.60026
7.7
8.78678
9.91339
10.9864
1.1138
2.18596
3.3143
4.3854
5.51495
6.58467
7.71579
8.78194
9.91309
10.9962
1.10052
2.19997
3.3
4.4
5.5
6.6
7.7
8.8
9.89999
11
1.09999
2.2
3.29999
4.4
5.50002
6.60002
7.69997
8.79968
9.90001
11.0499
1.04938
2.25129
3.24802
4.4527
5.44656
6.65422
7.64498
8.85588
9.84318
11.064
1.0541
2.21315
3.29822
4.40013
5.5
6.59999
7.7
8.79999
9.9
11
1.09999
2.20001
3.29999
4.4
5.50001
6.6
7.7
8.79999
9.90004
11.0007
1.09999
2.01134
3.49117
4.20629
5.6963
6.40108
7.90159
8.59567
10.1071
10.7901
1.31283
1.96122
3.47074
4.35118
5.50662
6.59953
7.70001
8.8
9.9
11
1.1
2.2
3.29999
4.39998
5.49999
6.6
7.69999
8.79999
9.9
11
1.09995
2.19893
3.30002
5.1136
4.77697
7.33261
6.95771
9.5521
9.13791
11.7722
0.317538
2.99288
2.49654
5.30072
4.8564
6.78393
7.67509
8.80174
9.89993
11
1.1
2.2
3.3
4.4
5.49999
6.59999
7.69999
8.8
9.90002
11
1.09999
2.19998
3.30004
4.40218
5.49996
3.90091
10.4348
6.02904
12.7076
8.15529
3.98232
-0.720442
6.25908
1.40176
8.53796
3.19485
10.1328
8.1048
9.99412
10.9934
1.10025
2.19999
3.3
4.4
5.50001
6.6
7.69999
8.8
9.89999
11
1.1
2.20002
3.29998
4.40002
5.50001
6.59564
7.70008
19.0089
-0.443923
21.4807
-9.51922
12.9596
-7.60186
15.446
-5.69203
17.94
-3.78996
21.6784
0.699453
13.6291
0.74404
2.22493
3.29906
4.40002
5.5
6.6
7.7
8.8
9.89999
11
1.09999
2.2
3.29999
4.4
5.50002
6.60002
7.69998
8.80908
9.89984
-27.6161
40.2265
-37.4436
43.4675
-36.2984
46.7363
-35.1814
50.0336
-34.0932
53.3602
-37.7115
35.9001
-7.74437
4.64641
4.30574
5.50356
6.59992
7.7
8.79999
9.9
11
1.09999
2.20001
3.29999
4.4
5.50001
6.6
7.7
8.79999
9.90004
10.9814
1.10032
148.272
-144.703
154.358
-146.44
160.548
-148.282
166.843
-150.232
173.248
-163.292
186.456
-128.334
42.0152
0.407156
6.95654
7.68656
8.80028
9.9
11
1.1
2.2
3.29999
4.39998
5.49999
6.6
7.69999
8.79999
9.9
11
1.09995
2.2382
3.29934
-2043.53
2186.19
-2313.35
2473.87
-2610.88
2790.72
-2938.96
3128.57
-3311.55
3512.51
-3902.91
2685.45
-738.789
106.36
2.03453
10.15
10.9949
1.10006
2.2
3.3
4.4
5.49999
6.6
7.70001
8.79999
9.90001
11
1.1
2.2
3.3
4.36315
5.50064
5300.32
-5898.39
6571.35
-7255.65
8028.66
-8820.47
9682.32
-10593
11577.6
-12608.6
13774.9
-9022.68
2447.35
-305.084
32.1306
0.335007
2.21525
3.29983
4.4
5.49999
6.6
7.70001
8.79999
9.89999
11
1.10001
2.2
3.30001
4.40002
5.49998
6.61327
7.69977
-3050.54
3435.45
-3818.21
4272.66
-4751.79
5281.39
-5841.17
6463.83
-7111.83
7835.77
-8586.6
5655.64
-1513.55
197.892
-10.987
3.77669
4.39052
5.50011
6.6
7.7
8.8
9.9
11
1.10001
2.20001
3.29999
4.4
5.5
6.59999
7.7
8.79775
9.90004
760.908
-839.181
943.122
-1049.21
1180.09
-1305.6
1465.95
-1613.39
1805.77
-1977.78
2205.31
-1444.57
393.28
-47.2461
7.7903
5.37736
6.60244
7.69998
8.8
9.9
11
1.09999
2.19999
3.29999
4.4
5.50001
6.60001
7.69999
8.80002
9.90002
11.0002
1.1
-90.2018
106.857
-111.629
135.437
-138.8
170.232
-172.646
212.155
-214.071
251.105
-274.988
186.415
-45.225
11.9233
6.16861
7.71562
8.79969
9.90001
11
1.1
2.2
3.3
4.4
5.5
6.59999
7.7
8.80001
9.9
11
1.09999
2.2
3.3
10.5341
-1.37499
14.3046
-0.932381
18.4679
-0.920941
23.1014
-12.4192
17.2841
-13.5061
23.0955
-6.87825
9.95976
7.26455
8.82928
9.89894
11
1.1
2.2
3.3
4.4
5.49999
6.6
7.70001
8.8
9.89999
11
1.1
2.20001
3.3
4.39999
5.5
6.37272
7.95473
8.5145
10.2199
10.6415
1.50152
1.75053
3.80283
3.83798
6.12751
5.90021
8.16413
8.67387
9.91637
10.9989
1.10004
2.2
3.3
4.4
5.5
6.6
7.7
8.8
9.89999
11
1.1
2.2
3.30001
4.4
5.5
6.59999
0.000782808
24.6047
-1.81968
19.6912
-5.34612
6.98184
-0.248225
7.03393
3.54357
8.05456
6.61708
9.6079
9.49263
11.0912
1.08997
2.20058
3.29998
4.4
5.5
6.6
7.7
8.8
9.9
11
1.1
2.2
3.30001
4.4
5.5
6.6
7.70001
8.79998
16.7323
-3.02291
11.4977
-5.50962
9.01651
0.161325
8.64291
4.26957
9.428
7.5187
10.8501
10.2955
1.45317
2.1213
3.30861
4.3995
5.50002
6.6
7.7
8.8
9.9
11
1.1
2.2
3.3
4.4
5.5
6.6
7.7
8.80002
9.90001
11
-1.15018
6.81889
-0.124923
6.93958
3.6169
7.99632
6.66462
9.56775
9.33072
11.4221
0.786985
2.43211
3.18365
4.42592
5.49717
6.60016
7.7
8.8
9.9
11
1.09999
2.2
3.3
4.40001
5.5
6.59999
7.7
8.8
9.89999
11
1.10001
2.20001
3.71124
3.55589
6.12589
6.13591
8.04412
8.54485
10.0892
10.8597
1.20401
2.12287
3.3572
4.35759
5.52126
6.59527
7.70052
8.79997
9.9
11
1.1
2.2
3.3
4.4
5.49999
6.59999
7.7
8.80001
9.9
11
1.09999
2.2
3.30002
4.39999
5.49952
6.60436
7.69691
8.80228
9.89832
11.0012
1.0991
2.20065
3.29953
4.40035
5.49973
6.6002
7.6999
8.80002
9.9
11
1.1
2.2
3.3
4.4
5.5
6.6
7.69999
8.80001
9.89999
11
1.1
2.2
3.30001
4.4
5.50002
6.59998
7.70077
8.1997
10.3271
10.6853
1.33183
2.0292
3.42584
4.30729
5.56831
6.54968
7.73708
8.77269
9.91362
10.997
1.10033
2.19998
3.3
4.4
5.5
6.6
7.7
8.8
9.9
11
1.10001
2.2
3.3
4.40001
5.50001
6.60001
7.7
8.79999
9.90312
10.9011
1.16932
2.1497
3.33649
4.37352
5.51921
6.58607
7.7101
8.79268
9.90529
10.9962
1.10189
2.19958
3.30005
4.4
5.5
6.6
7.7
8.8
9.9
11
1.1
2.19999
3.3
4.40001
5.5
6.6
7.69999
8.8
9.89999
11
1.1
1.31079
3.93673
3.92785
5.8501
6.34039
7.89251
8.65725
10.0058
10.9215
1.1582
2.15684
3.32163
4.39518
5.50053
6.59997
7.7
8.8
9.9
11
1.10001
2.2
3.29999
4.4
5.5
6.6
7.70001
8.8
9.9
11
1.10001
2.19997
3.3
4.48853
5.4315
6.65461
7.65666
8.83428
9.873
11.0212
1.08338
2.21298
3.28988
4.40787
5.49592
6.60093
7.69989
8.80001
9.9
11
1.1
2.2
3.3
4.4
5.50001
6.6
7.70001
8.8
9.9
11
1.10001
2.2
3.29999
4.39998
5.5
6.59281
7.70604
8.7948
9.90443
10.9962
1.10315
2.19737
3.30217
4.39822
5.50147
6.5988
7.70063
8.79985
9.90002
11
1.1
2.2
3.3
4.4
5.5
6.6
7.69999
8.79999
9.90001
11
1.10001
2.19999
3.3
4.39999
5.49999
6.60004
7.7
8.80834
9.89369
11.005
1.0961
2.20307
3.29759
4.40192
5.49848
6.60121
7.69906
8.80074
9.89962
11.0001
1.09999
2.2
3.30001
4.4
5.5
6.6
7.7
8.8
9.90001
11
1.1
2.2
3.30001
4.40001
5.5
6.6
7.70002
8.80001
9.9
10.9685
1.12421
2.18069
3.31539
4.38772
5.50977
6.5922
7.70621
8.79504
9.90394
10.9969
1.10166
2.19961
3.30004
4.4
5.5
6.6
7.70001
8.8
9.9
11
1.1
2.20001
3.29999
4.4
5.5
6.59999
7.7
8.80002
9.89999
11
1.1
2.20008
3.2987
4.40208
5.49747
6.60273
7.69724
8.80271
9.89743
11.0024
1.09783
2.20195
3.29889
4.40027
5.49997
6.6
7.7
8.8
9.9
11
1.1
2.2
3.3
4.40001
5.50001
6.60001
7.70001
8.8
9.9
11
1.1
2.20002
3.3
4.39997
5.50015
6.59968
7.70051
8.7993
9.90088
10.999
1.10115
2.19877
3.30129
4.39866
5.50083
6.59979
7.70002
8.8
9.9
11
1.1
2.2
3.3
4.4
5.5
6.6
7.7
8.80001
9.89999
11
1.10001
2.20001
3.30003
4.39991
5.5
6.60008
7.6999
8.80016
9.89974
11.0004
1.09944
2.20074
3.29903
4.40121
5.49853
6.60174
7.69881
8.80033
9.89996
11
1.10001
2.2
3.3
4.4
5.5
6.6
7.70001
8.8
9.89999
11
1.10001
2.20001
3.30001
4.39997
5.49997
6.60031
7.7
8.80082
9.8992
11.0008
1.09921
2.20074
3.29936
4.4005
5.49971
6.60002
7.70034
8.56201
10.062
10.9552
1.1059
2.1996
3.30001
4.39999
5.50001
6.6
7.7
8.79999
9.89999
11
1.09999
2.2
3.29998
4.4
5.50001
6.60003
7.69999
8.79951
9.90001
11.0011
1.09922
2.20054
3.29967
4.40014
5.50003
6.59987
7.70021
8.79978
9.90011
11.7335
0.571812
2.35154
3.27944
4.40144
5.49995
6.6
7.7
8.79999
9.9
11
1.09999
2.20001
3.29999
4.4
5.50001
6.6
7.7
8.79998
9.90003
11.001
1.09998
2.19622
3.30363
4.39643
5.50348
6.59667
7.70317
8.797
9.90278
10.9974
1.10244
-0.372819
5.14547
3.87114
5.57178
6.59496
7.70018
8.8
9.9
11
1.1
2.2
3.29999
4.39998
5.49999
6.6
7.69999
8.79999
9.9
11
1.09995
2.19816
3.30003
4.41436
5.48603
6.61413
7.68577
8.81429
9.88567
11.0143
1.08574
2.21415
3.28598
13.9614
-1.33681
8.55519
7.43509
8.81855
9.8993
11
1.1
2.2
3.3
4.4
5.49999
6.59999
7.69999
8.8
9.90002
11
1.09999
2.19998
3.30004
4.40374
5.49994
6.54574
7.75282
8.74647
9.9542
10.9451
1.1555
2.1439
3.35666
4.34283
5.55762
-29.4344
33.4443
1.44211
10.8964
10.9302
1.10263
2.19994
3.3
4.4
5.50001
6.6
7.69999
8.8
9.89999
11
1.1
2.20002
3.29998
4.40002
5.50001
6.59244
7.70013
9.00498
9.70043
11.2022
0.8951
2.4076
3.08968
4.61305
5.28424
6.81847
7.47887
145
-87.3888
38.8019
-2.66431
2.46355
3.29007
4.40021
5.5
6.6
7.7
8.8
9.89999
11
1.09999
2.2
3.29999
4.4
5.50002
6.60002
7.69998
8.81563
9.89973
10.2246
1.85479
1.43522
4.0749
3.61486
6.29553
5.79398
8.51665
7.9726
10.7382
-504.096
369.023
-102.937
17.535
3.40342
5.53757
6.59922
7.70001
8.79999
9.9
11
1.09999
2.20001
3.29999
4.4
5.50001
6.6
7.7
8.79999
9.90004
10.968
1.10056
5.13272
0.445059
7.29269
2.56908
9.56968
4.69107
11.8487
6.81101
14.1298
-2.07113
1950.49
-1388.31
402.063
-48.341
10.3693
7.55793
8.80295
9.89997
11
1.1
2.2
3.29999
4.39998
5.49999
6.6
7.69999
8.79999
9.9
11
1.09995
2.26558
3.29886
-6.69273
16.2985
-4.34123
18.7859
-2.43245
21.2809
-0.53137
12.7838
-9.63824
15.2947
-7365.14
5269.36
-1497.58
211.356
-5.4577
10.4374
10.9889
1.10013
2.2
3.3
4.4
5.49999
6.59999
7.69999
8.8
9.90002
11
1.09999
2.19998
3.30004
4.26594
5.50233
57.0577
-40.9
57.5492
-39.0252
60.1272
-48.2543
51.8056
-46.5804
54.5781
-44.9979
147194
-100990
28110.6
-3710.87
266.226
-8.33459
2.39187
3.29783
4.40001
5.50001
6.6
7.69999
8.8
9.89999
11
1.1
2.20002
3.29998
4.40002
5.50001
6.87413
7.69523
-163.436
195.702
-195.607
229.463
-248.919
278.225
-295.433
331.397
-346.573
389.419
111700
-57372.8
12389.6
-1238.79
62.205
1.96312
4.40978
5.50009
6.6
7.7
8.8
9.90002
11
1.1
2.20001
3.30001
4.39999
5.50002
6.59998
7.70002
8.5353
9.9046
2075.69
-2072.93
2162.82
-2250.64
2358.73
-2456.69
2584.51
-2694.2
2843.4
-2966.57
-23403.5
23654.6
-7520.27
1061.81
-69.8041
8.22413
6.54635
7.70057
8.8
9.9
11
1.1
2.2
3.30001
4.4
5.5
6.6
7.69999
8.80002
9.9
11.0953
1.09834
-5291.94
4743.39
-4420.47
4166.04
-3935.07
3771.28
-3613.38
3523.89
-3424.97
3386.64
-6.9368
-2070.04
980.363
-166.825
20.9421
7.09035
8.81374
9.89983
11
1.10001
2.2
3.29999
4.40001
5.5
6.60001
7.69999
8.80001
9.90001
11
1.10001
2.18377
3.30028
5.41127e+06
-4.23348e+06
3.42982e+06
-2.77874e+06
2.25131e+06
-1.82401e+06
1.47788e+06
-1.19744e+06
970276
-786237
636932
-340202
79404.4
-9033.74
548.119
-7.52951
11.3107
1.09692
2.20001
3.3
4.4
5.50001
6.59999
7.7
8.8
9.89999
11
1.09999
2.20001
3.29999
4.40143
5.49998
-3.92294e+06
3.10074e+06
-2.5366e+06
2.07411e+06
-1.69512e+06
1.3848e+06
-1.13082e+06
923069
-753204
614404
-500997
268897
-62970.5
7204.98
-419.544
15.0589
1.95032
3.30249
4.39998
5.5
6.6
7.7
8.80001
9.9
11
1.1
2.2
3.29999
4.39999
5.49999
6.59994
7.7
1.08643e+06
-861577
707366
-580549
476326
-390677
320332
-262550
215137
-176204
144295
-77658.2
18241.6
-2085.56
127.281
-0.762153
4.47278
5.49928
6.60001
7.7
8.8
9.9
11
1.1
2.19999
3.3
4.4
5.50001
6.60001
7.70002
8.80002
9.9
-146754
116556
-95835.5
78793.3
-64758.5
53228.1
-43723.1
35929.7
-29492.8
24232.9
-19872.9
10723.8
-2518.01
292.096
-12.9305
6.06343
6.58989
7.7001
8.8
9.9
11
1.09999
2.2
3.30001
4.39999
5.49999
6.60001
7.70001
8.8
9.90001
11
9.53674e-05
10586.8
-8407.05
6924.17
-5687.42
4689.77
-3844.44
3177.03
-2595.53
2153.33
-1760.19
1450
-778.266
188.24
-15.5813
7.8659
7.65882
8.80074
9.89999
11
1.1
2.2
3.29999
4.40001
5.50001
6.59999
7.70001
8.8
9.90001
11
1.09999
2.20003
4.27168
-4415.24
3190.03
-2372.18
1786.76
-1323.49
1009.04
-739.445
565.682
-423.301
324.586
-238.681
129.285
-21.3221
10.7891
8.62051
9.90566
10.9999
1.10001
2.2
3.3
4.4
5.5
6.6
7.7
8.79999
9.90001
11
1.10001
2.20001
3.29999
4.40003
5.1783
3562.53
-2527.59
1880.72
-1372.27
1031.61
-752.558
558.763
-407.737
307.982
-218.736
172.242
-75.1043
27.2144
7.88872
11.1154
1.09641
2.20007
3.3
4.4
5.5
6.6
7.69999
8.80001
9.90001
11
1.09999
2.20001
3.3
4.40001
5.49999
6.60001
7.758
-41.8001
49.6119
-20.9935
26.6877
-18.1381
19.3798
-8.25458
15.4188
-1.14677
13.7312
4.11774
12.3233
10.4476
1.16162
2.1964
3.30011
4.4
5.5
6.6
7.7
8.8
