1.09999
2.20001
3.3
4.39999
5.5
6.6
7.70001
8.8
9.9
11
1.0988
2.20239
3.29825
4.40128
5.49904
6.60071
7.69947
8.8004
9.89971
11.0002
1.09985
2.2001
3.29994
4.40002
5.5
6.6
7.7
8.8
9.9
11
1.1
2.2
3.29999
4.4
5.49999
6.60001
7.69999
8.8
9.9
11
1.09999
2.2
3.29981
4.40034
5.49976
6.60018
7.69987
8.80009
9.89993
11
1.09997
2.20003
3.29998
4.40001
5.49999
6.60001
7.7
8.8
9.9
11
1.1
2.2
3.3
4.4
5.50001
6.60001
7.69999
8.80001
9.89999
11
1.10001
2.19999
3.30001
4.40001
5.49834
6.60336
7.69753
8.80183
9.89864
11.001
1.09925
2.20057
3.29958
4.4003
5.49979
6.60015
7.69992
8.80002
9.9
11
1.1
2.2
3.30001
4.4
5.5
6.6
7.7
8.80001
9.9
11
1.10001
2.2
3.3
4.4
5.5
6.59999
7.7
8.79994
9.90005
11
1.10003
2.19998
3.30001
4.39999
5.5
6.6
7.69999
8.80001
9.89999
11
1.1
2.2
3.3
4.4
5.5
6.6
7.7
8.8
9.9
11
1.1
2.2
3.30001
4.39999
5.49999
6.60002
7.69998
8.8
9.9
11
1.1
2.19999
3.3
4.4
5.5
6.6
7.7
8.8
9.90001
11
1.10001
2.2
3.3
4.4
5.5
6.6
7.7
8.8
9.9
11
1.10001
2.20001
3.30001
4.4
5.5
6.6
7.7
8.8
9.9
11
1.1
2.19998
3.3
4.40001
5.5
6.60001
7.7
8.8
9.9
11
1.1
2.19999
3.3
4.4
5.5
6.6
7.7
8.8
9.9
11
1.1
2.2
3.3
4.39999
5.5
6.6
7.69999
8.80001
9.89999
11
1.10001
2.19998
3.3
4.40003
5.49997
6.60003
7.69999
8.8
9.9
11
1.09998
2.20001
3.3
4.40002
5.49999
6.6
7.7
8.80001
9.90001
11
1.1
2.2
3.3
4.4
5.5
6.59999
7.70001
8.8
9.89999
11
1.10001
2.2
3.29998
4.40004
5.5
6.59998
7.70001
8.79998
9.90001
11
1.1
2.19999
3.3
4.39999
5.5
6.59999
7.70001
8.8
9.9
11
1.10001
2.2
3.3
4.4
5.5
6.6
7.70001
8.80001
9.90001
11
1.10001
2.20001
3.29999
4.40001
5.50002
6.6
7.7
8.80003
9.89997
11
1.09999
2.2
3.3
4.40001
5.49998
6.60001
7.69999
8.80002
9.89999
11
1.1
2.20001
3.3
4.4
5.5
6.59999
7.7
8.8
9.89999
11
1.1
2.19999
3.30001
4.40001
5.5
6.60001
7.69998
8.8
9.9
10.9999
1.10008
2.19994
3.30004
4.39995
5.50004
6.59996
7.70003
8.79997
9.90003
11
1.1
2.19999
3.3
4.40001
5.5
6.6
7.7
8.8
9.9
11
1.1
2.19999
3.3
4.40001
5.49999
6.6
7.69999
8.8
9.89999
11
1.1
2.20015
3.29982
4.4002
5.49977
6.60025
7.69972
8.8003
9.89967
11.0003
1.09962
2.2004
3.29974
4.40007
5.49998
6.6
7.7
8.8
9.9
11
1.10001
2.2
3.30001
4.4
5.49999
6.59999
7.70001
8.8
9.9
11
1.10001
2.20011
3.3
4.39909
5.50099
6.59891
7.70121
8.79866
9.90149
10.9984
1.10181
2.19802
3.30219
4.39751
5.50174
6.5995
7.70007
8.79999
9.9
11
1.1
2.2
3.3
4.4
5.49999
6.59999
7.69999
8.8
9.90001
11
1.09999
2.19999
3.30001
4.39988
5.5
6.60319
7.69673
8.80337
9.89652
11.0036
1.09622
2.20398
3.2958
4.40447
5.49522
6.60566
7.69583
8.80121
9.89983
11
1.1
2.2
3.3
4.4
5.50001
6.60001
7.69999
8.8
9.89999
11
1.1
2.20002
3.29998
4.40001
5.50003
6.60028
7.7
8.78788
9.91227
10.9875
1.11266
2.18712
3.31313
4.38659
5.51374
6.5859
7.71453
8.78336
9.91206
10.9965
1.10048
2.19997
3.3
4.4
5.5
6.6
7.7
8.8
9.89999
11
1.09999
2.2
3.29999
4.4
5.50002
6.60002
7.69997
8.79962
9.90001
11.0458
1.05362
2.247
3.25236
4.4483
5.45102
6.6497
7.64955
8.85123
9.84788
11.0587
1.05789
2.21207
3.29836
4.40012
5.5
6.59999
7.7
8.79999
9.9
11
1.09999
2.20001
3.29999
4.4
5.50001
6.6
7.7
8.79999
9.90004
11.0008
1.09999
2.02718
3.47513
4.22254
5.67984
6.41777
7.88469
8.61279
10.0897
10.8076
1.29503
1.98118
3.45648
4.35525
5.50606
6.59957
7.70001
8.8
9.9
11
1.1
2.2
3.29999
4.39998
5.49999
6.6
7.69999
8.79999
9.9
11
1.09995
2.19871
3.30002
5.05364
4.83772
7.27106
7.02007
9.48892
9.20192
11.7073
0.383236
2.92632
2.56397
5.22515
4.91039
6.76851
7.67718
8.80159
9.89994
11
1.1
2.2
3.3
4.4
5.49999
6.59999
7.69999
8.8
9.90002
11
1.09999
2.19998
3.30004
4.40263
5.49995
4.12785
10.2049
6.262
12.4716
8.39443
3.74003
-0.474968
6.01038
1.65374
8.28266
3.48097
9.92835
8.16321
9.98622
10.994
1.10023
2.19999
3.3
4.4
5.50001
6.6
7.69999
8.8
9.89999
11
1.1
2.20002
3.29998
4.40001
5.50001
6.59472
7.70009
18.1502
0.426111
20.5992
-8.62609
12.0547
-6.68501
14.5171
-4.75084
16.9864
-2.8238
20.5956
1.47304
13.4081
0.773968
2.22283
3.29914
4.40002
5.5
6.6
7.7
8.8
9.89999
11
1.09999
2.2
3.29999
4.4
5.50002
6.60002
7.69998
8.81096
9.89981
-24.3673
36.9348
-34.1085
40.0884
-32.8747
43.2674
-31.6666
46.4725
-30.4851
49.7045
-33.6142
32.973
-6.90794
4.53316
4.31367
5.50326
6.59993
7.7
8.79999
9.9
11
1.09999
2.20001
3.29999
4.4
5.50001
6.6
7.7
8.79999
9.90004
10.9776
1.10039
135.982
-132.25
141.741
-133.656
147.595
-135.159
153.546
-136.759
159.598
-149.462
170.954
-117.26
38.8507
0.835609
6.92655
7.68769
8.80026
9.9
11
1.1
2.2
3.29999
4.39998
5.49999
6.6
7.69999
8.79999
9.9
11
1.09995
2.24604
3.2992
-1871.21
2002.7
-2118.14
2266.35
-2390.45
2556.73
-2690.74
2865.41
-3032.72
3217.23
-3574.14
2459.95
-676.069
98.0581
2.60379
10.129
10.9953
1.10006
2.2
3.3
4.4
5.49999
6.6
7.70001
8.79999
9.90001
11
1.1
2.2
3.3
4.35557
5.50077
4854.88
-5401.42
6019.15
-6644.3
7354.02
-8078.18
8867.79
-9701.37
10603.8
-11547.2
12616.4
-8262.83
2242.16
-278.58
30.3526
0.399376
2.21397
3.29984
4.4
5.49999
6.6
7.70001
8.79999
9.89999
11
1.10001
2.2
3.30001
4.40002
5.49998
6.61599
7.69972
-2793.12
3147.21
-3496
3913.23
-4351.77
4837.27
-5349.3
5920.4
-6512.85
7177.08
-7863.35
5180.59
-1385.27
181.334
-9.87743
3.73658
4.39131
5.5001
6.6
7.7
8.8
9.9
11
1.10001
2.20001
3.29999
4.4
5.5
6.59999
7.7
8.79728
9.90005
697.807
-768.475
863.948
-960.648
1081.17
-1195.28
1343.15
-1476.98
1654.57
-1810.53
2020.67
-1322.93
360.373
-42.9929
7.50503
5.38768
6.60223
7.69998
8.8
9.9
11
1.09999
2.19999
3.29999
4.4
5.50001
6.60001
7.69999
8.80002
9.90002
11.0002
1.1
-82.4267
98.1435
-101.866
124.504
-126.565
156.556
-157.379
195.137
-195.132
230.069
-251.664
171.007
-41.0493
11.3828
6.20491
7.71431
8.79971
9.90001
11
1.1
2.2
3.3
4.4
5.5
6.59999
7.7
8.80001
9.9
11
1.09999
2.19999
3.3
10.0179
-0.796503
13.6563
-0.206014
17.6544
-0.0104181
22.0831
-11.2816
16.0148
-12.0919
21.5223
-5.83669
9.67705
7.30119
8.82682
9.89903
11
1.1
2.2
3.3
4.4
5.49999
6.6
7.70001
8.8
9.89999
11
1.1
2.20001
3.3
4.39999
5.5
6.39185
7.9333
8.53852
10.193
10.6717
1.46773
1.78835
3.76052
3.88527
6.07471
5.95909
8.12508
8.68448
9.91499
10.999
1.10004
2.2
3.3
4.4
5.5
6.6
7.7
8.8
9.89999
11
1.1
2.2
3.30001
4.4
5.5
6.59999
0.000782808
24.6043
-1.81923
19.6907
-5.34555
6.98121
-0.247513
7.03313
3.54447
8.05356
6.6182
9.60665
9.49346
11.091
1.09
2.20058
3.29998
4.4
5.5
6.6
7.7
8.8
9.9
11
1.1
2.2
3.30001
4.4
5.5
6.6
7.70001
8.79998
16.7323
-3.02291
11.4977
-5.50961
9.0165
0.161334
8.6429
4.26958
9.42799
7.51871
10.8501
10.2955
1.45316
2.1213
3.30861
4.3995
5.50002
6.6
7.7
8.8
9.9
11
1.1
2.2
3.3
4.4
5.5
6.6
7.7
8.80002
9.90001
11
-1.15022
6.81898
-0.124986
6.93963
3.61687
7.99635
6.6646
9.56777
9.33071
11.4221
0.786979
2.43211
3.18365
4.42592
5.49717
6.60016
7.7
8.8
9.9
11
1.09999
2.2
3.3
4.40001
5.5
6.59999
7.7
8.8
9.89999
11
1.10001
2.20001
3.71125
3.55587
6.1259
6.1359
8.04413
8.54484
10.0892
10.8597
1.20401
2.12287
3.3572
4.35759
5.52126
6.59527
7.70052
8.79997
9.9
11
1.1
2.2
3.3
4.4
5.49999
6.59999
7.7
8.80001
9.9
11
1.09999
2.2
3.30002
4.39999
5.49952
6.60436
7.69691
8.80228
9.89832
11.0012
1.0991
2.20065
3.29953
4.40035
5.49973
6.6002
7.6999
8.80002
9.9
11
1.1
2.2
3.3
4.4
5.5
6.6
7.69999
8.80001
9.89999
11
1.1
2.2
3.30001
4.4
5.50002
6.59998
7.70077
8.19975
10.3271
10.6854
1.33181
2.02922
3.42583
4.3073
5.5683
6.54968
7.73707
8.77269
9.91362
10.997
1.10033
2.19998
3.3
4.4
5.5
6.6
7.7
8.8
9.9
11
1.10001
2.2
3.3
4.40001
5.50001
6.60001
7.7
8.79999
9.90312
10.9011
1.16932
2.1497
3.33649
4.37352
5.51921
6.58607
7.7101
8.79268
9.90529
10.9962
1.10189
2.19958
3.30005
4.4
5.5
6.6
7.7
8.8
9.9
11
1.1
2.19999
3.3
4.40001
5.5
6.6
7.69999
8.8
9.89999
11
1.1
1.31079
3.93673
3.92785
5.8501
6.34039
7.89251
8.65725
10.0058
10.9215
1.1582
2.15684
3.32163
4.39518
5.50053
6.59997
7.7
8.8
9.9
11
1.10001
2.2
3.29999
4.4
5.5
6.6
7.70001
8.8
9.9
11
1.10001
2.19997
3.3
4.48853
5.4315
6.65461
7.65666
8.83428
9.873
11.0212
1.08338
2.21298
3.28988
4.40787
5.49592
6.60093
7.69989
8.80001
9.9
11
1.1
2.2
3.3
4.4
5.50001
6.6
7.70001
8.8
9.9
11
1.10001
2.2
3.29999
4.39998
5.5
6.59207
7.70658
8.79439
9.90474
10.996
1.10332
2.19724
3.30227
4.39815
5.50153
6.59876
7.70065
8.79985
9.90002
11
1.1
2.2
3.3
4.4
5.5
6.6
7.69999
8.79999
9.90001
11
1.10001
2.19999
3.3
4.39999
5.49999
6.60004
7.7
8.80842
9.89362
11.005
1.09604
2.20312
3.29755
4.40195
5.49845
6.60123
7.69904
8.80075
9.89961
11.0001
1.09999
2.2
3.30001
4.4
5.5
6.6
7.7
8.8
9.90001
11
1.1
2.2
3.30001
4.40001
5.5
6.6
7.70002
8.80001
9.9
10.9685
1.12422
2.18068
3.31539
4.38772
5.50978
6.5922
7.70621
8.79504
9.90394
10.9968
1.10166
2.19961
3.30004
4.4
5.5
6.6
7.70001
8.8
9.9
11
1.1
2.20001
3.29999
4.4
5.5
6.59999
7.7
8.80002
9.89999
11
1.1
2.20008
3.2987
4.40208
5.49747
6.60273
7.69724
8.80271
9.89743
11.0024
1.09783
2.20195
3.29888
4.40027
5.49997
6.6
7.7
8.8
9.9
11
1.1
2.2
3.3
4.40001
5.50001
6.60001
7.70001
8.8
9.9
11
1.1
2.20002
3.3
4.39997
5.50015
6.59968
7.70051
8.7993
9.90088
10.999
1.10115
2.19877
3.30129
4.39866
5.50083
6.59978
7.70002
8.8
9.9
11
1.1
2.2
3.3
4.4
5.5
6.6
7.7
8.80001
9.89999
11
1.10001
2.20001
3.30003
4.39991
5.5
6.60008
7.69991
8.80015
9.89975
11.0004
1.09945
2.20074
3.29904
4.4012
5.49854
6.60174
7.69882
8.80033
9.89996
11
1.10001
2.2
3.3
4.4
5.5
6.6
7.70001
8.8
9.89999
11
1.10001
2.20001
3.30001
4.39997
5.49997
6.60031
7.7
8.80075
9.89926
11.0007
1.09928
2.20067
3.29943
4.40043
5.49978
6.59994
7.70041
8.57817
10.051
10.9582
1.1055
2.19963
3.30001
4.39999
5.50001
6.6
7.7
8.79999
9.89999
11
1.09999
2.2
3.29998
4.4
5.50001
6.60003
7.69999
8.79951
9.90001
11.001
1.09928
2.20051
3.29969
4.40014
5.50001
6.5999
7.70016
8.79984
9.90004
11.6764
0.612632
2.33988
3.28101
4.40133
5.49996
6.6
7.7
8.79999
9.9
11
1.09999
2.20001
3.29999
4.4
5.50001
6.6
7.7
8.79998
9.90003
11.001
1.09998
2.19653
3.30333
4.39672
5.5032
6.59694
7.70292
8.79724
9.90257
10.9976
1.10228
-0.161335
4.99425
3.91438
5.56592
6.59537
7.70017
8.8
9.9
11
1.1
2.2
3.29999
4.39998
5.49999
6.6
7.69999
8.79999
9.9
11
1.09995
2.19816
3.30003
4.41317
5.48719
6.61295
7.68695
8.8131
9.88686
11.0131
1.08692
2.213
3.28712
13.1632
-0.766541
8.39221
7.45716
8.81701
9.89936
11
1.1
2.2
3.3
4.4
5.49999
6.59999
7.69999
8.8
9.90002
11
1.09999
2.19998
3.30004
4.40376
5.49993
6.55028
7.7484
8.75095
9.94967
10.9497
1.15087
2.14858
3.35194
4.34759
5.55283
-26.412
31.2856
2.05898
10.8128
10.9361
1.10241
2.19995
3.3
4.4
5.50001
6.6
7.69999
8.8
9.89999
11
1.1
2.20002
3.29998
4.40002
5.50001
6.59241
7.70013
8.98777
9.71718
11.1852
0.91229
2.39019
3.10732
4.59519
5.30232
6.80017
7.49738
133.557
-79.2158
36.4665
-2.34812
2.44141
3.2909
4.40019
5.5
6.6
7.7
8.8
9.89999
11
1.09999
2.2
3.29999
4.4
5.50002
6.60002
7.69998
8.81569
9.89973
10.2898
1.79137
1.49948
4.0098
3.68081
6.22871
5.86167
8.44807
8.04207
10.6678
-460.787
338.09
-94.098
16.3382
3.4872
5.53441
6.59928
7.70001
8.79999
9.9
11
1.09999
2.20001
3.29999
4.4
5.50001
6.6
7.7
8.79999
9.90004
10.9679
1.10056
4.88613
0.685104
7.04948
2.81549
9.32002
4.94402
11.5924
7.07065
13.8667
-1.80462
1786.62
-1271.27
368.617
-43.8126
10.0523
7.56988
8.8027
9.89997
11
1.1
2.2
3.29999
4.39998
5.49999
6.6
7.69999
8.79999
9.9
11
1.09995
2.26581
3.29886
-5.75966
15.3902
-3.42095
17.8535
-1.48773
20.3237
0.438429
11.8012
-8.6427
14.2861
-6745.15
4826.52
-1371.04
194.223
-4.25825
10.3922
10.9898
1.10012
2.2
3.3
4.4
5.49999
6.59999
7.69999
8.8
9.90002
11
1.09999
2.19998
3.30004
4.26546
5.50234
52.8125
-36.8111
53.4478
-34.9091
55.9942
-44.1022
47.6325
-42.3843
50.357
-40.75
134810
-92491.8
25746
-3397.79
244.75
-7.54074
2.37573
3.29802
4.40001
5.50001
6.6
7.69999
8.8
9.89999
11
1.1
2.20002
3.29998
4.40001
5.50001
6.8751
7.69522
-148.944
180.068
-178.223
210.249
-227.791
255.094
-270.206
303.977
-316.858
357.303
102302
-52544.4
11348
-1134.46
57.1559
2.07561
4.40896
5.50008
6.6
7.7
8.8
9.90002
11
1.1
2.20001
3.30001
4.39999
5.50002
6.59998
7.70002
8.53436
9.90462
1901.96
-1898.41
1981.02
-2060.98
2160.63
-2249.52
2367.59
-2466.85
2604.89
-2716.12
-21433.3
21664.3
-6887.3
972.742
-63.5604
7.99492
6.55087
7.70052
8.8
9.9
11
1.1
2.2
3.30001
4.4
5.5
6.6
7.69999
8.80002
9.9
11.0956
1.09834
-4846.47
4344.54
-4048.14
3815.95
-3603.4
3454.59
-3308.6
3228.21
-3135.85
3101.77
-6.16588
-1895.59
898.242
-152.325
19.7353
7.14165
8.81258
9.89985
11
1.10001
2.2
3.29999
4.40001
5.5
6.60001
7.69999
8.80001
9.90001
11
1.10001
2.18371
3.30028
4.95594e+06
-3.87726e+06
3.14122e+06
-2.54492e+06
2.06188e+06
-1.67053e+06
1.35352e+06
-1.09669e+06
888633
-720079
583338
-311576
72723.5
-8272.95
502.738
-6.06291
11.2846
1.09718
2.20001
3.3
4.4
5.50001
6.59999
7.7
8.8
9.89999
11
1.09999
2.20001
3.29999
4.40143
5.49998
-3.59285e+06
2.83983e+06
-2.32316e+06
1.89958e+06
-1.55248e+06
1.26828e+06
-1.03566e+06
845398
-689825
562706
-458840
246271
-57671.1
6599.55
-383.316
13.8843
1.97133
3.30228
4.39998
5.5
6.6
7.7
8.80001
9.9
11
1.1
2.2
3.29999
4.39999
5.49999
6.59994
7.7
995014
-789079
647846
-531699
436246
-357803
293378
-240457
197035
-161377
132154
-71122.8
16707.6
-1909.98
116.756
-0.420344
4.46666
5.49934
6.60001
7.7
8.8
9.9
11
1.1
2.19999
3.3
4.4
5.50001
6.60001
7.70002
8.80002
9.9
-134405
106748
-87771.5
72163.7
-59309.1
48749.8
-40043.5
32907.1
-27010.5
22194.7
-18199.8
9821.51
-2305.95
267.795
-11.4722
6.01602
6.59074
7.70009
8.8
9.9
11
1.09999
2.2
3.30001
4.39999
5.49999
6.60001
7.70001
8.8
9.90001
11
9.53674e-05
9697.35
-7700.21
6342.54
-5208.86
4296.06
-3520.57
2910.64
-2376.44
1973.17
-1612.06
1328.23
-712.531
172.778
-13.8081
7.75942
7.66228
8.80068
9.9
11
1.1
2.2
3.29999
4.40001
5.50001
6.59999
7.70001
8.8
9.90001
11
1.09999
2.20003
4.27168
-4379.86
3161.9
-2349.03
1767.71
-1307.81
996.129
-728.819
556.938
-416.106
318.666
-233.811
126.655
-20.7029
10.7181
8.62478
9.90552
10.9999
1.10001
2.2
3.3
4.4
5.5
6.6
7.7
8.79999
9.90001
11
1.10001
2.20001
3.29999
4.40003
5.1783
3561.72
-2526.96
1880.19
-1371.84
1031.25
-752.265
558.521
-407.538
307.819
-218.601
172.131
-75.0444
27.2003
7.89033
11.1153
1.09641
2.20007
3.3
4.4
5.5
6.6
7.69999
8.80001
9.90001
11
1.09999
2.20001
3.3
4.40001
5.49999
6.60001
7.758
-41.7889
49.603
-20.9861
26.6816
-18.1331
19.3757
-8.25121
15.416
-1.14449
13.7293
4.11929
12.3224
10.4478
1.1616
2.1964
3.30011
4.4
5.5
6.6
7.7
8.8
